16,7
16,6
16,5
16,2
16,1
13,129
13,128
13,74
13,68
13,66
13,63
13,61
13,58
13,56
13,55
13,54
13,49
13,47
13,45
13,44
13,43
13,41
13,39
13,38
13,37
13,29
13,28
13,24
13,23
13,22
13,20
13,19
13,17
13,16
13,15
13,14
13,13
13,2
8,7
8,6
10,11
10,38
10,5
10,10
10,9
10,8
8,5
15,8
15,9
15,5
8,2
14,8
14,9
14,5
8,1
6,6
6,5
6,2
6,1
5,6
5,5
15,7
15,1
10,7
10,1
14,7
14,1
13,130
13,21
13,9
13,10
13,25
13,35
13,8
5,2
5,1
2,5
2,2
13,62
2,1
0,671
0,670
13,7
0,668
0,665
0,607
0,606
0,605
0,604
0,603
0,602
0,601
0,600
0,599
0,598
0,597
0,596
0,595
0,594
0,593
13,60
13,1
0,592
0,591
0,590
0,589
0,588
0,587
0,586
0,585
0,584
0,583
0,582
0,581
0,580
0,579
0,578
0,577
0,576
0,575
0,574
0,573
0,572
0,571
0,570
0,569
0,568
0,567
0,566
0,565
0,564
0,563
0,562
0,561
0,560
0,559
0,558
0,557
0,556
13,75
0,555
0,554
0,553
0,552
0,551
0,550
0,549
10,6
17,5
17,8
14,6
13,5
28,10
28,9
28,8
13,6
28,7
17,7
17,1
18,5
15,6
29,1
18,7
18,1
28,5
28,1
17,6
30,1
